66 00 00 00 00 00 01 00 00 
66 00 01 00 00 00 01 01 01 
66 00 02 00 00 00 01 02 02 
66 00 03 00 00 00 01 03 03 
66 00 04 00 00 00 01 04 04 
66 00 05 00 00 00 01 05 05 
66 00 06 00 00 00 01 06 06 
66 00 07 00 00 00 01 07 07 
66 00 08 00 00 00 01 08 08 
66 00 09 00 00 00 01 09 09 
66 00 0a 00 00 00 01 0a 0a 
66 00 0b 00 00 00 01 0b 0b 
66 00 0c 00 00 00 01 0c 0c 
66 00 0d 00 00 00 01 0d 0d 
66 00 0e 00 00 00 01 0e 0e 
66 00 0f 00 00 00 01 0f 0f 
66 00 00 00 01 00 01 10 10 
66 00 01 00 01 00 01 20 20 
66 00 02 00 01 00 01 30 30 
66 00 03 00 01 00 01 40 40 
66 00 04 00 01 00 01 50 50 
66 00 05 00 01 00 01 60 60 
66 00 06 00 01 00 01 70 70 
66 00 07 00 01 00 01 80 80 
66 00 08 00 01 00 01 90 90 
66 00 09 00 01 00 01 a0 a0 
66 00 0a 00 01 00 01 b0 b0 
66 00 0b 00 01 00 01 c0 c0 
66 00 0c 00 01 00 01 d0 d0 
66 00 0d 00 01 00 01 e0 e0 
66 00 0e 00 01 00 01 f0 f0 
66 00 0f 00 01 00 01 ff ff 
66 FF FF FF FF 00 00
