66 00 00 00 00 00 01 00 55 
66 00 01 00 00 00 01 00 ff 
66 00 02 00 00 00 01 00 55 
66 00 03 00 00 00 01 00 55 
66 00 04 00 00 00 01 00 00 
66 00 05 00 00 00 01 00 55 
66 00 06 00 00 00 01 00 ff 
66 00 07 00 00 00 01 00 55 
66 00 00 00 01 00 01 00 55 
66 00 01 00 01 00 01 00 ff 
66 00 02 00 01 00 01 00 55 
66 00 03 00 01 00 01 00 55 
66 00 04 00 01 00 01 00 00 
66 00 05 00 01 00 01 00 55 
66 00 06 00 01 00 01 00 ff 
66 00 07 00 01 00 01 00 55 
66 00 00 00 02 00 01 00 55 
66 00 01 00 02 00 01 00 ff 
66 00 02 00 02 00 01 00 55 
66 00 03 00 02 00 01 00 55 
66 00 04 00 02 00 01 00 00 
66 00 05 00 02 00 01 00 55 
66 00 06 00 02 00 01 00 ff 
66 00 07 00 02 00 01 00 55 
66 00 00 00 03 00 01 00 55 
66 00 01 00 03 00 01 00 ff 
66 00 02 00 03 00 01 00 55 
66 00 03 00 03 00 01 00 55 
66 00 04 00 03 00 01 00 00 
66 00 05 00 03 00 01 00 55 
66 00 06 00 03 00 01 00 ff 
66 00 07 00 03 00 01 00 55 
66 00 00 00 04 00 01 00 55 
66 00 01 00 04 00 01 00 ff 
66 00 02 00 04 00 01 00 55 
66 00 03 00 04 00 01 00 55 
66 00 04 00 04 00 01 00 00 
66 00 05 00 04 00 01 00 55 
66 00 06 00 04 00 01 00 ff 
66 00 07 00 04 00 01 00 55 
66 00 00 00 05 00 01 00 55 
66 00 01 00 05 00 01 00 ff 
66 00 02 00 05 00 01 00 55 
66 00 03 00 05 00 01 00 55 
66 00 04 00 05 00 01 00 00 
66 00 05 00 05 00 01 00 55 
66 00 06 00 05 00 01 00 ff 
66 00 07 00 05 00 01 00 55 
66 FF FF FF FF 00 00
